NUM_OF_TRIANGLES 12

1.000000, -1.000000, 1.000000, 0.0,0.0
-1.000000, -1.000000, -1.000000, 0.0,0.0
1.000000, -1.000000, -1.000000, 0.0,0.0
 
-1.000000, 1.000000, -1.000000, 0.0,0.0
0.999999, 1.000000, 1.000001, 0.0,0.0
1.000000, 1.000000, -0.999999, 0.0,0.0
 
1.000000, 1.000000, -0.999999, 0.0,0.0
1.000000, -1.000000, 1.000000, 0.0,0.0
1.000000, -1.000000, -1.000000, 0.0,0.0
 
0.999999, 1.000000, 1.000001, 0.0,0.0
-1.000000, -1.000000, 1.000000, 0.0,0.0
1.000000, -1.000000, 1.000000, 0.0,0.0
 
-1.000000, -1.000000, 1.000000, 0.0,0.0
-1.000000, 1.000000, -1.000000, 0.0,0.0
-1.000000, -1.000000, -1.000000, 0.0,0.0
 
1.000000, -1.000000, -1.000000, 0.0,0.0
-1.000000, 1.000000, -1.000000, 0.0,0.0
1.000000, 1.000000, -0.999999, 0.0,0.0
 
1.000000, -1.000000, 1.000000, 0.0,0.0
-1.000000, -1.000000, 1.000000, 0.0,0.0
-1.000000, -1.000000, -1.000000, 0.0,0.0
 
-1.000000, 1.000000, -1.000000, 0.0,0.0
-1.000000, 1.000000, 1.000000, 0.0,0.0
0.999999, 1.000000, 1.000001, 0.0,0.0
 
1.000000, 1.000000, -0.999999, 0.0,0.0
0.999999, 1.000000, 1.000001, 0.0,0.0
1.000000, -1.000000, 1.000000, 0.0,0.0
 
0.999999, 1.000000, 1.000001, 0.0,0.0
-1.000000, 1.000000, 1.000000, 0.0,0.0
-1.000000, -1.000000, 1.000000, 0.0,0.0
 
-1.000000, -1.000000, 1.000000, 0.0,0.0
-1.000000, 1.000000, 1.000000, 0.0,0.0
-1.000000, 1.000000, -1.000000, 0.0,0.0
 
1.000000, -1.000000, -1.000000, 0.0,0.0
-1.000000, -1.000000, -1.000000, 0.0,0.0
-1.000000, 1.000000, -1.000000, 0.0,0.0
 
